%YAML:1.0

#--------------------------------------------------------------------------------------------
# Camera Parameters. Adjust them!
#--------------------------------------------------------------------------------------------
File.version: "1.0"

Camera.type: "KannalaBrandt8"

#cam0:
#  cam_overlaps: []
#  camera_model: omni
#  distortion_coeffs: [-0.2164183579012296, 1.2118917641657263, 0.011930445978063219, -0.01990071772631688]
#  distortion_model: radtan
#  intrinsics: [2.629884563261398, 1257.5082822077213, 1256.2141907559333, 339.4420229585856, 219.75586079455894]
#  resolution: [640, 480]
#  rostopic: /camera/live_view_back

Camera1.fx: 1257.5082822077213
Camera1.fy: 1256.2141907559333
Camera1.cx: 339.4420229585856
Camera1.cy: 219.75586079455894

Camera1.k1: -0.2164183579012296
Camera1.k2: 1.2118917641657263
Camera1.k3: 0.011930445978063219
Camera1.k4: -0.01990071772631688

# Camera resolution
Camera.width: 640
Camera.height: 480

# Camera frames per second
Camera.fps: 30

# Color order of the images (0: BGR, 1: RGB. It is ignored if images are grayscale)
Camera.RGB: 1

# Image scale, it changes the image size to be processed (<1.0: reduce, >1.0: increase)
Camera.imageScale: 1.0

#  T_cam_imu:
#    - [-0.0577428475975941, -0.9971743421943333, -0.048053041741619174, 0.0016538486625554969]
#    - [0.0008273078507350928, 0.04808554071595866, -0.9988428787030401, -0.0020123481442199794]
#    - [0.9983311470213896, -0.05771578677757633, -0.001951625887360614, 0.00029427120271367324]
#    - [0.0, 0.0, 0.0, 1.0]

# Transformation from body-frame (imu) to camera
IMU.T_b_c1: !!opencv-matrix
  rows: 4
  cols: 4
  dt: f
  data: [-0.0577428475975941, -0.9971743421943333, -0.048053041741619174, 0.0016538486625554969,
         0.0008273078507350928, 0.04808554071595866, -0.9988428787030401, -0.0020123481442199794,
         0.9983311470213896, -0.05771578677757633, -0.001951625887360614, 0.00029427120271367324,
         0.0, 0.0, 0.0, 1.0]


##Accelerometers
#accelerometer_noise_density: 1.4516759743143148e-02   #Noise density (continuous-time)
#accelerometer_random_walk:   8.6660738806690937e-04   #Bias random walk
##Gyroscopes
#gyroscope_noise_density:     1.3034847149908269e-03   #Noise density (continuous-time)
#gyroscope_random_walk:       7.8724489070247425e-06   #Bias random walk

# IMU noise (Use those from VINS-mono)
IMU.NoiseGyro:  1.3034847149908269e-03# rad/s^0.5
IMU.NoiseAcc: 1.4516759743143148e-02 # m/s^1.5
IMU.GyroWalk: 7.8724489070247425e-06 # rad/s^1.5
IMU.AccWalk: 8.6660738806690937e-04 # m/s^2.5
IMU.Frequency: 50.0


#--------------------------------------------------------------------------------------------
# ORB Parameters
#--------------------------------------------------------------------------------------------

# ORB Extractor: Number of features per image
ORBextractor.nFeatures: 1000

# ORB Extractor: Scale factor between levels in the scale pyramid
ORBextractor.scaleFactor: 1.2

# ORB Extractor: Number of levels in the scale pyramid
ORBextractor.nLevels: 8

# ORB Extractor: Fast threshold
# Image is divided in a grid. At each cell FAST are extracted imposing a minimum response.
# Firstly we impose iniThFAST. If no corners are detected we impose a lower value minThFAST
# You can lower these values if your images have low contrast
ORBextractor.iniThFAST: 20
ORBextractor.minThFAST: 7

#--------------------------------------------------------------------------------------------
# Viewer Parameters
#--------------------------------------------------------------------------------------------
Viewer.KeyFrameSize: 0.05
Viewer.KeyFrameLineWidth: 1.0
Viewer.GraphLineWidth: 0.9
Viewer.PointSize: 2.0
Viewer.CameraSize: 0.08
Viewer.CameraLineWidth: 3.0
Viewer.ViewpointX: 0.0
Viewer.ViewpointY: -0.7
Viewer.ViewpointZ: -3.5
Viewer.ViewpointF: 500.0
